,03e558af94c93a6149a2f254758eef9e,05a2d7b4d816c392632e40ac34a9d886,076e5b2bae0b4b3a3d81c85610b95cd4,0bab6936c4ac24257194472e1362d31e,0efade6825e49cf0cf9c87695d466157,0f248f04885620c60fd3d5a09b904729,0f805379bddcdbc7a21ae0883800386b,12fad8b18acea31d175a420ea67bbec0,143d7a3b5f9e5a2bc1071907fcc9a1be,15e7fb1dc026b6f3a1477013cfc4197d,19d9cc4d9d512e60f61746ef4c741f09,1c47e9c734283aa6356b492ae1d0071c,20d45a142b7b11b93f81dd61729968fd,22f40912c68fb165b21b74cd74af0996,25d94bb5f3c66601b7fabae508c2951c,27eddb3f5f269a3717a739fc048507f0,294a25e683774fdffb4244d97916dff1,2ed2386bfbd31a1104e402a0c97c1aa6,314815f096aee7e42a920d33954458fd,31979926522273c1a5a994d0deb1be68,32530b68d78e5bcbd73a138276f45490,3478cf4e0f88b8e69c431ce348b77ce5,3504e72c6361bd7c7392522256d9ca67,35a02499c0dfc1353717dd224d3ac87f,372eb3f2ca350a8362424e9535e0ed17,376d9b7359b05fa7f43fbaa52c3e38cb,3c2095df60f8431e166001c9b5400404,3d0fb1fab61be9b7e7adf51ed08558e0,3dec61e0480eb79d2041605444437fee,3e1878989e67a85e07397692b847a14b,4023bd3ee428806b0c56b2290211e3f0,41d10645a0a824f7ee6444312e4753b4,456ae3f8a7395ae10d84a9946bdcc52d,459c84cd6af9ba2111dbd39c74e4d323,4b65c9ec4b46d7ad8cb5c47654f2a048,4c79451164a411bd3be0234633d0c86d,4ecb665ee982eabbc5922a2494c515a5,51d1fd432e166218cb4299da0a5bb3e1,5399538f7bd932efb5430d9b06c73b62,58c6a10b23eb9c4822bcc825098e0812,593a07fd307984b2708b4e7c26dd5b77,5a1434342ac892e7fc3c004977de6fd3,5c068072a5fa9987f61fbc13eb28740a,5c7e3ff6c91213a5a344a43877466962,606ab42e4c906f933bc9c5ab62b798d9,6116079b09129da3fc08e937857cd326,61d641ab6b9a8d88dc4cf9814a2a66d5,653f74e24d3cc99c7e1c9fdb5c1cab2e,69ccd253a1d9893dabe1caac8696b35e,6beb6eb65869d4b01796ba867dcca4bc,78b0379489054899d0061f4ccda22b76,78bcf2bfd658f7b3475eb4746059289e,7ce470b9098e630a17401c198c99349b,7e4bdfb83b4abcc321504de09f998140,7eb73fe019c9494bf82b17b991cc06ea,816b7784f99608d0e085938220306efa,842d43fbac541ed34a83dee275a771e1,870ef14448c2b4ad549361465ea68283,888ed8f12c52cb634ec39abf2c2a5a59,89748ba860b4877d886a994a6c0d9044,8a5df010b2a8e69d1388870252d9f621,8a85d03ea2a276af251ac173ec8b7aa5,8cca545c4e38943d4ece447fb3cf525a,8cf0351da91bc6108727b232db44cdf6,8f98bf82107662bcee688e58c3833d73,913d7fc55ccc7556cdce583d65265be7,94a9fbf39368e2feeaeaa550faa3e4c6,959fe68d7efcb00b7f2a6dae2b3e7592,95cc753d340efef1fad70ab3b77915a6,9987c95420057e6b52fcc0bd3b93df97,9bd45d70296f2df9765ea2e01c47bfca,9e8ac0b3e1cf7c5b6580c9687b250ec6,9ea7f914e1058b9c7466ae06d44e2615,a0526fd22a40e5a9600509c1463f46e3,a1a3eaf7dbef90d9ecf46fe375035429,a52c50d95388573ac2eb806d998920af,a63cfb1874cf396bf780e10d13466b20,a64e14991a0ed591650b8a513a55fe28,ac254a51dfe2184fb0d4875d1192f794,ac4bd1359b493a8ec118370398c39914,ae8632e59260cfcb4468217ff5817c1f,b7d6f50bd91be5863e31388a60840e25,b80510e818820bc25df04404a4d65700,b98e784b246b59a7f9d1b94e99fe0b51,ba9a72c9e38854e02511846c8a6d2c96,bb8906891153836775f98c57d43de3db,bd03552ce976cbb5b1d01e3abad49112,be45d21ba7a7abfd7daf3404f3a27034,bff0a4e8b5c2383d5967a795edf09acb,c1809df6bedbbd70c36704fffb3087b9,cbb8611337f0435726d4d504d1c9e3c3,ce91beffdc9d798ed99f79ed928956d1,d22ba49cab716ab4a39517efa9214739,d23355080a5c4705300a617c864df35c,d9b7bf5b02fa9d1fc9da041916ff0a5e,a4c8e172be9723770abba587813621f2,da4b7ef93c588ad799f1a1c5afb6cfad,da6ac68e9b2cd231a445b5b141afe7a7,e13054b2077fe5b906b6f0a2f6cbb2b0,e2d5ef321050529f1ecf601d9f79d4a6,e882ef137c9c929b34411532caad804b,ee5b261d5212200a1bfb5d8d373df6ba,eead764389f7e2b1939d147b198443a3,f13661826f650a00df4953b7e9b946dd,f33d132c6b37a4767711dd8462c0926f,fcf4a1169ed19d277e42c48815a02905
03e558af94c93a6149a2f254758eef9e,0.0,5.47722557505,5.56776436283,2.2360679775,3.46410161514,4.35889894354,4.24264068712,4.12310562562,3.46410161514,4.79583152331,5.0,3.60555127546,26.8514431642,4.24264068712,4.24264068712,5.29150262213,4.472135955,3.0,10.1980390272,3.87298334621,9.79795897113,5.74456264654,4.472135955,5.29150262213,1.73205080757,2.0,4.58257569496,2.44948974278,5.19615242271,4.58257569496,6.48074069841,3.87298334621,4.89897948557,4.89897948557,4.89897948557,4.58257569496,1.73205080757,4.69041575982,4.35889894354,4.35889894354,4.35889894354,4.89897948557,4.472135955,3.60555127546,4.79583152331,3.87298334621,2.0,4.58257569496,3.16227766017,4.35889894354,4.58257569496,4.58257569496,4.89897948557,2.82842712475,6.48074069841,3.74165738677,3.31662479036,2.2360679775,4.35889894354,4.79583152331,4.24264068712,4.472135955,6.48074069841,5.65685424949,2.2360679775,3.16227766017,4.24264068712,3.74165738677,3.60555127546,4.69041575982,2.82842712475,4.58257569496,4.472135955,3.16227766017,5.09901951359,4.12310562562,4.89897948557,7.54983443527,4.24264068712,3.74165738677,4.12310562562,5.19615242271,3.74165738677,5.0,4.12310562562,4.69041575982,4.79583152331,2.2360679775,8.30662386292,4.472135955,5.47722557505,5.0,2.2360679775,4.24264068712,5.47722557505,5.47722557505,4.472135955,2.2360679775,4.12310562562,4.35889894354,5.09901951359,3.31662479036,5.83095189485,3.46410161514,4.12310562562,3.46410161514
05a2d7b4d816c392632e40ac34a9d886,5.47722557505,0.0,7.54983443527,5.38516480713,6.16441400297,6.8556546004,6.78232998313,6.2449979984,6.32455532034,7.0,7.14142842854,6.2449979984,27.2580263409,6.63324958071,6.63324958071,7.34846922835,6.78232998313,5.9160797831,11.313708499,6.0827625303,9.2736184955,7.68114574787,6.63324958071,7.48331477355,5.38516480713,5.47722557505,7.0,5.65685424949,7.28010988928,6.8556546004,8.24621125124,6.0827625303,7.07106781187,6.78232998313,7.21110255093,7.0,5.38516480713,6.92820323028,6.8556546004,6.7082039325,6.7082039325,7.07106781187,6.78232998313,6.40312423743,7.0,6.5574385243,5.47722557505,7.0,6.16441400297,6.7082039325,7.0,6.8556546004,7.21110255093,6.0,8.24621125124,6.48074069841,6.0827625303,5.38516480713,6.8556546004,7.0,6.63324958071,6.92820323028,8.24621125124,7.61577310586,5.38516480713,5.83095189485,6.78232998313,6.48074069841,6.2449979984,6.92820323028,5.83095189485,7.0,6.78232998313,6.0,7.21110255093,6.7082039325,7.07106781187,9.11043357914,6.63324958071,6.0,6.5574385243,7.28010988928,6.16441400297,7.28010988928,6.7082039325,6.92820323028,5.0,5.38516480713,9.74679434481,6.92820323028,1.41421356237,7.14142842854,5.56776436283,6.78232998313,7.48331477355,7.48331477355,6.78232998313,5.56776436283,6.7082039325,6.8556546004,7.21110255093,6.0827625303,7.74596669241,6.16441400297,6.7082039325,6.16441400297
076e5b2bae0b4b3a3d81c85610b95cd4,5.56776436283,7.54983443527,0.0,5.47722557505,5.9160797831,6.16441400297,5.9160797831,6.63324958071,6.0827625303,5.29150262213,6.78232998313,6.0,27.3130005675,6.2449979984,6.7082039325,7.4161984871,4.58257569496,6.0,10.5356537529,6.48074069841,11.0905365064,5.65685424949,5.56776436283,2.2360679775,5.47722557505,5.38516480713,6.0,5.56776436283,4.472135955,6.48074069841,8.18535277187,6.48074069841,5.19615242271,7.14142842854,5.19615242271,6.16441400297,5.47722557505,6.40312423743,6.16441400297,5.29150262213,5.83095189485,5.56776436283,5.9160797831,6.16441400297,5.83095189485,6.0,5.38516480713,6.0,6.2449979984,5.83095189485,5.83095189485,6.32455532034,7.28010988928,5.9160797831,8.30662386292,6.2449979984,6.0,5.47722557505,4.89897948557,6.0,6.0827625303,6.2449979984,8.18535277187,5.74456264654,5.47722557505,5.9160797831,5.9160797831,6.2449979984,6.16441400297,5.0,5.74456264654,6.0,6.5574385243,5.9160797831,5.19615242271,6.0,5.56776436283,9.16515138991,6.0827625303,6.40312423743,5.65685424949,5.09901951359,6.0827625303,6.0,6.0,6.40312423743,7.07106781187,5.47722557505,9.69535971483,6.2449979984,7.54983443527,5.09901951359,5.47722557505,6.0827625303,5.56776436283,5.74456264654,5.9160797831,5.47722557505,6.0,6.0,6.5574385243,6.0,5.74456264654,6.2449979984,6.0,6.0827625303
0bab6936c4ac24257194472e1362d31e,2.2360679775,5.38516480713,5.47722557505,0.0,3.60555127546,4.472135955,4.35889894354,4.24264068712,3.60555127546,4.69041575982,5.09901951359,3.74165738677,26.83281573,4.35889894354,4.35889894354,5.38516480713,4.35889894354,3.16227766017,10.0498756211,4.0,9.74679434481,5.65685424949,4.35889894354,5.38516480713,2.0,1.73205080757,4.69041575982,2.2360679775,5.09901951359,4.69041575982,6.40312423743,4.0,4.79583152331,5.0,5.0,4.69041575982,2.0,4.58257569496,4.472135955,4.472135955,4.472135955,4.79583152331,4.35889894354,3.74165738677,4.69041575982,4.24264068712,1.73205080757,4.69041575982,3.60555127546,4.24264068712,4.89897948557,4.472135955,5.19615242271,3.31662479036,6.5574385243,3.87298334621,3.46410161514,0.0,4.69041575982,4.69041575982,4.35889894354,4.58257569496,6.40312423743,5.56776436283,0.0,2.64575131106,4.35889894354,3.87298334621,3.74165738677,4.79583152331,2.64575131106,4.69041575982,4.35889894354,3.31662479036,5.0,4.24264068712,4.79583152331,7.61577310586,4.35889894354,3.87298334621,4.24264068712,5.09901951359,3.31662479036,5.09901951359,4.24264068712,4.58257569496,4.89897948557,0.0,8.24621125124,4.58257569496,5.38516480713,4.89897948557,1.41421356237,4.35889894354,5.38516480713,5.56776436283,4.58257569496,2.0,4.24264068712,4.472135955,5.0,3.46410161514,5.74456264654,3.60555127546,4.24264068712,3.60555127546
0efade6825e49cf0cf9c87695d466157,3.46410161514,6.16441400297,5.9160797831,3.60555127546,0.0,4.12310562562,4.472135955,5.0,3.46410161514,5.19615242271,5.38516480713,3.0,27.0,4.89897948557,5.09901951359,6.0,4.89897948557,4.12310562562,10.295630141,4.79583152331,10.1980390272,5.74456264654,4.472135955,6.0,3.31662479036,3.46410161514,4.79583152331,3.74165738677,5.74456264654,5.0,7.07106781187,4.79583152331,5.09901951359,5.65685424949,5.29150262213,4.35889894354,3.31662479036,5.09901951359,4.58257569496,4.12310562562,4.35889894354,4.89897948557,4.472135955,3.31662479036,4.58257569496,4.79583152331,3.46410161514,4.79583152331,4.24264068712,4.12310562562,4.79583152331,5.0,5.65685424949,2.44948974278,7.07106781187,3.16227766017,2.2360679775,3.60555127546,5.19615242271,4.79583152331,4.472135955,4.24264068712,7.07106781187,5.65685424949,3.60555127546,4.24264068712,4.472135955,3.16227766017,3.31662479036,5.29150262213,4.0,4.79583152331,4.69041575982,2.44948974278,5.47722557505,4.35889894354,4.89897948557,8.0622577483,4.69041575982,4.69041575982,3.87298334621,5.19615242271,3.46410161514,5.38516480713,4.35889894354,5.09901951359,5.56776436283,3.60555127546,8.77496438739,4.24264068712,6.16441400297,5.19615242271,3.60555127546,4.472135955,5.47722557505,5.47722557505,4.24264068712,3.60555127546,4.35889894354,4.58257569496,5.29150262213,2.2360679775,5.83095189485,4.472135955,4.35889894354,3.16227766017
0f248f04885620c60fd3d5a09b904729,4.35889894354,6.8556546004,6.16441400297,4.472135955,4.12310562562,0.0,2.64575131106,5.83095189485,3.87298334621,6.0,6.48074069841,3.74165738677,27.1293199325,5.38516480713,5.9160797831,6.7082039325,5.74456264654,5.09901951359,10.1488915651,5.65685424949,10.6301458127,5.65685424949,5.38516480713,5.9160797831,4.472135955,4.35889894354,5.29150262213,4.58257569496,5.83095189485,6.16441400297,7.54983443527,5.65685424949,4.79583152331,6.40312423743,4.79583152331,2.44948974278,4.472135955,6.0827625303,2.82842712475,5.29150262213,5.47722557505,3.87298334621,5.19615242271,3.74165738677,5.47722557505,5.65685424949,4.35889894354,5.29150262213,5.19615242271,2.82842712475,5.47722557505,6.0,6.40312423743,4.12310562562,7.68114574787,3.60555127546,4.24264068712,4.472135955,6.0,5.47722557505,5.9160797831,2.2360679775,7.54983443527,5.56776436283,4.472135955,5.0,2.64575131106,3.60555127546,3.74165738677,6.2449979984,4.79583152331,5.29150262213,4.12310562562,4.35889894354,5.74456264654,2.44948974278,4.12310562562,8.60232526704,5.38516480713,5.56776436283,5.29150262213,5.09901951359,4.12310562562,4.24264068712,2.44948974278,6.0827625303,6.32455532034,4.472135955,9.16515138991,2.2360679775,6.8556546004,4.89897948557,4.472135955,2.64575131106,5.38516480713,5.56776436283,5.56776436283,4.472135955,2.44948974278,2.82842712475,6.40312423743,4.24264068712,5.74456264654,5.38516480713,2.44948974278,4.79583152331
0f805379bddcdbc7a21ae0883800386b,4.24264068712,6.78232998313,5.9160797831,4.35889894354,4.472135955,2.64575131106,0.0,5.74456264654,3.74165738677,5.9160797831,6.40312423743,3.60555127546,27.1108834235,5.29150262213,5.83095189485,6.63324958071,5.65685424949,5.0,10.0995049384,5.56776436283,10.5830052443,5.38516480713,5.29150262213,5.65685424949,4.35889894354,4.24264068712,5.19615242271,4.472135955,5.74456264654,6.0827625303,7.48331477355,5.56776436283,4.69041575982,6.32455532034,4.472135955,2.64575131106,4.35889894354,6.0,2.64575131106,5.19615242271,5.38516480713,4.0,5.09901951359,3.87298334621,5.38516480713,5.56776436283,4.24264068712,5.19615242271,5.09901951359,2.64575131106,5.38516480713,5.9160797831,6.32455532034,4.0,7.61577310586,4.0,4.35889894354,4.35889894354,5.9160797831,5.38516480713,5.83095189485,2.82842712475,7.48331477355,5.47722557505,4.35889894354,4.89897948557,1.41421356237,4.0,3.60555127546,6.16441400297,4.69041575982,5.19615242271,4.0,4.472135955,5.65685424949,2.2360679775,4.0,8.54400374532,5.29150262213,5.47722557505,5.19615242271,4.79583152331,4.0,4.12310562562,1.73205080757,6.0,6.2449979984,4.35889894354,9.11043357914,2.82842712475,6.78232998313,4.58257569496,4.35889894354,2.44948974278,5.29150262213,5.47722557505,5.47722557505,4.35889894354,2.2360679775,2.2360679775,6.32455532034,4.35889894354,5.47722557505,5.29150262213,2.2360679775,4.69041575982
12fad8b18acea31d175a420ea67bbec0,4.12310562562,6.2449979984,6.63324958071,4.24264068712,5.0,5.83095189485,5.74456264654,0.0,5.19615242271,6.0,6.0,5.09901951359,26.9072480941,5.56776436283,5.38516480713,6.40312423743,5.74456264654,4.69041575982,10.8166538264,4.24264068712,10.4403065089,6.78232998313,5.74456264654,6.5574385243,4.0,4.12310562562,6.0,4.35889894354,6.32455532034,5.83095189485,7.4161984871,4.24264068712,6.0827625303,5.19615242271,6.2449979984,6.0,4.0,5.9160797831,5.83095189485,5.65685424949,5.65685424949,6.0827625303,5.74456264654,5.29150262213,6.0,5.47722557505,4.12310562562,6.0,5.0,5.65685424949,6.0,5.83095189485,6.2449979984,4.79583152331,7.4161984871,5.38516480713,4.89897948557,4.24264068712,5.83095189485,6.0,5.56776436283,5.9160797831,7.4161984871,6.7082039325,4.24264068712,4.79583152331,5.74456264654,5.38516480713,4.89897948557,5.9160797831,4.35889894354,6.0,5.74456264654,4.79583152331,6.2449979984,5.65685424949,6.0827625303,8.36660026534,5.56776436283,4.12310562562,5.47722557505,6.32455532034,5.19615242271,6.32455532034,5.65685424949,5.9160797831,5.47722557505,4.24264068712,9.05538513814,5.9160797831,6.2449979984,6.16441400297,4.24264068712,5.74456264654,6.5574385243,6.5574385243,5.74456264654,4.24264068712,5.65685424949,5.83095189485,6.2449979984,4.89897948557,6.8556546004,5.0,5.65685424949,4.79583152331
143d7a3b5f9e5a2bc1071907fcc9a1be,3.46410161514,6.32455532034,6.0827625303,3.60555127546,3.46410161514,3.87298334621,3.74165738677,5.19615242271,0.0,5.19615242271,5.74456264654,3.87298334621,27.0,5.29150262213,5.29150262213,6.16441400297,4.89897948557,4.35889894354,10.1980390272,5.0,10.295630141,5.74456264654,4.89897948557,5.83095189485,3.60555127546,3.46410161514,4.35889894354,3.74165738677,5.74456264654,5.38516480713,7.07106781187,5.0,4.89897948557,5.83095189485,4.89897948557,4.12310562562,3.60555127546,5.29150262213,3.87298334621,4.79583152331,4.79583152331,4.89897948557,4.24264068712,2.64575131106,4.58257569496,5.0,3.46410161514,4.35889894354,4.24264068712,3.87298334621,5.0,5.19615242271,5.65685424949,2.82842712475,7.21110255093,2.82842712475,3.31662479036,3.60555127546,5.38516480713,4.58257569496,5.09901951359,4.0,7.07106781187,5.65685424949,3.60555127546,4.24264068712,3.74165738677,2.82842712475,3.87298334621,5.65685424949,4.0,4.35889894354,4.24264068712,3.46410161514,5.65685424949,3.60555127546,4.89897948557,8.18535277187,5.29150262213,4.89897948557,4.35889894354,5.19615242271,2.82842712475,5.0,3.60555127546,5.29150262213,5.74456264654,3.60555127546,8.77496438739,4.0,6.32455532034,5.0,3.60555127546,3.74165738677,5.47722557505,5.65685424949,4.89897948557,3.60555127546,3.60555127546,3.87298334621,5.65685424949,3.31662479036,5.83095189485,4.69041575982,3.60555127546,3.74165738677
15e7fb1dc026b6f3a1477013cfc4197d,4.79583152331,7.0,5.29150262213,4.69041575982,5.19615242271,6.0,5.9160797831,6.0,5.19615242271,0.0,5.83095189485,5.47722557505,27.1661554144,5.38516480713,6.0827625303,6.7082039325,3.60555127546,5.29150262213,10.1488915651,5.83095189485,10.7238052948,5.65685424949,4.58257569496,5.19615242271,4.472135955,4.35889894354,4.472135955,4.79583152331,5.47722557505,5.47722557505,7.68114574787,5.83095189485,4.79583152331,6.5574385243,5.0,6.16441400297,4.472135955,5.56776436283,6.0,4.472135955,4.24264068712,5.0,4.35889894354,5.29150262213,4.472135955,5.65685424949,4.58257569496,4.472135955,5.38516480713,5.83095189485,4.89897948557,5.29150262213,6.5574385243,5.0,7.81024967591,5.38516480713,5.09901951359,4.69041575982,4.69041575982,4.472135955,5.38516480713,6.0827625303,7.68114574787,5.56776436283,4.69041575982,5.19615242271,5.9160797831,5.38516480713,5.47722557505,4.79583152331,5.0,4.472135955,5.9160797831,5.0,5.0,5.83095189485,5.0,8.71779788708,5.56776436283,5.74456264654,4.0,5.09901951359,5.19615242271,5.29150262213,5.83095189485,5.38516480713,6.48074069841,4.69041575982,9.16515138991,6.0827625303,7.0,4.89897948557,4.69041575982,5.9160797831,5.38516480713,5.56776436283,4.79583152331,4.69041575982,5.83095189485,6.0,5.74456264654,5.09901951359,5.74456264654,5.56776436283,5.83095189485,5.19615242271
19d9cc4d9d512e60f61746ef4c741f09,5.0,7.14142842854,6.78232998313,5.09901951359,5.38516480713,6.48074069841,6.40312423743,6.0,5.74456264654,5.83095189485,0.0,5.65685424949,27.2029410175,4.79583152331,6.0827625303,7.0,5.74456264654,5.47722557505,10.9087121146,5.83095189485,10.8166538264,6.92820323028,5.74456264654,6.7082039325,4.89897948557,5.0,6.0,5.19615242271,6.48074069841,4.89897948557,7.93725393319,5.83095189485,6.2449979984,6.5574385243,6.40312423743,6.63324958071,4.89897948557,5.0,6.48074069841,5.65685424949,5.65685424949,6.40312423743,5.9160797831,5.83095189485,6.0,5.83095189485,5.0,6.0,5.56776436283,6.32455532034,6.0,4.89897948557,6.7082039325,5.19615242271,7.93725393319,5.9160797831,5.29150262213,5.09901951359,6.0,6.0,5.38516480713,6.5574385243,7.93725393319,6.8556546004,5.09901951359,5.56776436283,6.40312423743,5.9160797831,5.47722557505,6.0827625303,5.19615242271,6.0,6.40312423743,5.19615242271,6.2449979984,6.32455532034,6.40312423743,8.83176086633,4.79583152331,5.74456264654,5.29150262213,6.48074069841,5.74456264654,6.63324958071,6.32455532034,5.0,6.48074069841,5.09901951359,9.48683298051,6.5574385243,7.14142842854,6.32455532034,5.09901951359,6.40312423743,6.7082039325,6.7082039325,5.9160797831,5.09901951359,6.32455532034,6.48074069841,5.0,5.29150262213,7.0,5.74456264654,6.32455532034,5.19615242271
1c47e9c734283aa6356b492ae1d0071c,3.60555127546,6.2449979984,6.0,3.74165738677,3.0,3.74165738677,3.60555127546,5.09901951359,3.87298334621,5.47722557505,5.65685424949,0.0,27.0185121722,4.35889894354,5.19615242271,6.0827625303,5.19615242271,4.24264068712,10.246950766,4.89897948557,10.246950766,5.65685424949,4.35889894354,6.0827625303,3.46410161514,3.60555127546,5.09901951359,3.87298334621,5.83095189485,5.29150262213,7.14142842854,4.89897948557,5.0,5.74456264654,5.19615242271,4.0,3.46410161514,5.38516480713,3.74165738677,4.0,4.472135955,4.12310562562,4.79583152331,4.0,4.89897948557,4.89897948557,3.60555127546,5.09901951359,4.58257569496,3.16227766017,4.69041575982,5.29150262213,5.9160797831,3.0,7.14142842854,4.12310562562,3.16227766017,3.74165738677,5.29150262213,5.09901951359,4.79583152331,3.87298334621,7.14142842854,5.56776436283,3.74165738677,4.35889894354,3.60555127546,4.12310562562,2.0,5.38516480713,4.12310562562,5.09901951359,3.87298334621,3.31662479036,5.56776436283,3.46410161514,4.12310562562,8.12403840464,4.12310562562,4.79583152331,4.24264068712,5.09901951359,3.87298334621,4.69041575982,3.46410161514,5.38516480713,5.65685424949,3.74165738677,8.83176086633,3.87298334621,6.2449979984,5.09901951359,3.74165738677,3.60555127546,5.38516480713,5.38516480713,4.35889894354,3.74165738677,3.46410161514,3.74165738677,5.56776436283,3.16227766017,5.74456264654,4.58257569496,3.46410161514,3.60555127546
20d45a142b7b11b93f81dd61729968fd,26.8514431642,27.2580263409,27.3130005675,26.83281573,27.0,27.1293199325,27.1108834235,26.9072480941,27.0,27.1661554144,27.2029410175,27.0185121722,0.0,27.1108834235,27.0739727414,27.2946881279,27.1108834235,26.9443871706,28.6181760425,26.8700576851,28.5131548588,27.3495886624,27.147743921,27.2946881279,26.83281573,26.8141753556,27.1661554144,26.8514431642,27.2396769438,27.1661554144,27.5136329844,26.8700576851,27.1845544381,27.0370116692,27.2213151776,27.1661554144,26.83281573,27.147743921,27.1293199325,27.1293199325,27.1293199325,27.1845544381,27.1108834235,27.0185121722,27.1661554144,27.0924343683,26.8141753556,27.1661554144,27.0,27.0924343683,27.2029410175,27.1293199325,27.2580263409,26.9629375254,27.5499546279,27.0370116692,26.9814751265,26.83281573,27.1661554144,27.1661554144,27.1108834235,27.147743921,27.5136329844,27.3313007374,26.83281573,26.9258240357,27.1108834235,27.0370116692,26.9814751265,27.1845544381,26.8514431642,27.1661554144,27.1108834235,26.9629375254,27.2213151776,27.0924343683,27.1845544381,27.8208554865,27.1108834235,26.8514431642,27.0924343683,27.2396769438,27.0,27.2396769438,27.0924343683,27.147743921,27.0924343683,26.83281573,28.0,27.147743921,27.2580263409,27.2029410175,26.83281573,27.1108834235,27.2946881279,27.3313007374,27.147743921,26.83281573,27.0924343683,27.1293199325,27.2213151776,26.9814751265,27.3678643668,27.0,27.0924343683,26.9629375254
22f40912c68fb165b21b74cd74af0996,4.24264068712,6.63324958071,6.2449979984,4.35889894354,4.89897948557,5.38516480713,5.29150262213,5.56776436283,5.29150262213,5.38516480713,4.79583152331,4.35889894354,27.1108834235,0.0,5.65685424949,6.32455532034,5.29150262213,4.79583152331,10.677078252,5.38516480713,10.4880884817,6.5574385243,5.29150262213,6.16441400297,3.87298334621,4.0,5.74456264654,4.472135955,5.74456264654,3.87298334621,7.48331477355,5.38516480713,5.83095189485,6.16441400297,6.0,5.56776436283,3.87298334621,4.24264068712,5.38516480713,5.19615242271,5.0,5.47722557505,5.65685424949,5.38516480713,5.74456264654,5.19615242271,4.24264068712,5.74456264654,5.09901951359,5.19615242271,5.56776436283,3.87298334621,6.32455532034,4.69041575982,7.48331477355,5.47722557505,4.79583152331,4.35889894354,5.38516480713,5.74456264654,4.69041575982,5.47722557505,7.48331477355,6.48074069841,4.35889894354,4.89897948557,5.29150262213,5.47722557505,4.35889894354,5.47722557505,4.69041575982,5.74456264654,5.29150262213,4.69041575982,5.83095189485,5.19615242271,5.47722557505,8.42614977318,2.0,5.29150262213,5.0,6.0827625303,5.29150262213,5.74456264654,5.19615242271,4.0,6.0827625303,4.35889894354,9.0,5.47722557505,6.63324958071,5.9160797831,4.35889894354,5.29150262213,6.32455532034,6.32455532034,5.47722557505,4.35889894354,5.19615242271,5.38516480713,4.69041575982,4.79583152331,6.63324958071,5.09901951359,5.19615242271,4.89897948557
25d94bb5f3c66601b7fabae508c2951c,4.24264068712,6.63324958071,6.7082039325,4.35889894354,5.09901951359,5.9160797831,5.83095189485,5.38516480713,5.29150262213,6.0827625303,6.0827625303,5.19615242271,27.0739727414,5.65685424949,0.0,6.48074069841,5.83095189485,4.79583152331,10.8627804912,5.19615242271,10.4880884817,6.8556546004,5.83095189485,6.63324958071,4.12310562562,4.24264068712,6.0827625303,4.472135955,6.40312423743,5.9160797831,7.48331477355,5.19615242271,6.16441400297,5.83095189485,6.32455532034,6.0827625303,4.12310562562,6.0,5.9160797831,5.74456264654,5.74456264654,6.16441400297,5.83095189485,5.38516480713,6.0827625303,5.56776436283,4.24264068712,6.0827625303,5.09901951359,5.74456264654,6.0827625303,5.9160797831,6.16441400297,4.89897948557,7.48331477355,5.47722557505,5.0,4.35889894354,5.9160797831,6.0827625303,5.65685424949,6.0,7.48331477355,6.78232998313,4.35889894354,4.89897948557,5.83095189485,5.47722557505,5.0,6.0,4.472135955,6.0827625303,5.83095189485,4.89897948557,6.32455532034,5.74456264654,6.16441400297,8.42614977318,5.65685424949,5.09901951359,5.56776436283,6.40312423743,5.29150262213,6.40312423743,5.74456264654,6.0,5.9160797831,4.35889894354,9.11043357914,6.0,6.63324958071,6.2449979984,4.35889894354,5.83095189485,6.63324958071,6.63324958071,5.83095189485,4.35889894354,5.74456264654,5.9160797831,6.32455532034,5.0,6.92820323028,5.09901951359,5.74456264654,4.89897948557
27eddb3f5f269a3717a739fc048507f0,5.29150262213,7.34846922835,7.4161984871,5.38516480713,6.0,6.7082039325,6.63324958071,6.40312423743,6.16441400297,6.7082039325,7.0,6.0827625303,27.2946881279,6.32455532034,6.48074069841,0.0,6.63324958071,5.74456264654,11.313708499,6.2449979984,10.9544511501,7.54983443527,6.63324958071,7.34846922835,5.0,5.09901951359,6.8556546004,5.47722557505,7.0,6.5574385243,8.12403840464,6.2449979984,6.92820323028,6.92820323028,7.07106781187,6.8556546004,5.0,6.78232998313,6.7082039325,6.5574385243,6.40312423743,6.92820323028,6.63324958071,6.2449979984,6.8556546004,6.40312423743,5.29150262213,6.8556546004,6.0,6.5574385243,6.8556546004,6.5574385243,7.07106781187,5.83095189485,8.12403840464,6.32455532034,5.9160797831,5.38516480713,6.7082039325,6.8556546004,6.48074069841,6.78232998313,8.12403840464,7.48331477355,5.38516480713,5.83095189485,6.63324958071,6.32455532034,6.0827625303,6.78232998313,5.65685424949,6.8556546004,6.63324958071,5.83095189485,7.07106781187,6.5574385243,6.92820323028,9.0,6.48074069841,6.16441400297,6.40312423743,7.14142842854,6.16441400297,7.14142842854,6.5574385243,6.63324958071,6.8556546004,5.38516480713,9.53939201417,6.78232998313,7.34846922835,7.0,5.38516480713,6.63324958071,7.34846922835,7.34846922835,6.63324958071,5.38516480713,6.5574385243,6.7082039325,7.07106781187,5.9160797831,7.61577310586,6.0,6.5574385243,6.0
294a25e683774fdffb4244d97916dff1,4.472135955,6.78232998313,4.58257569496,4.35889894354,4.89897948557,5.74456264654,5.65685424949,5.74456264654,4.89897948557,3.60555127546,5.74456264654,5.19615242271,27.1108834235,5.29150262213,5.83095189485,6.63324958071,0.0,4.79583152331,10.295630141,5.56776436283,10.5830052443,5.9160797831,4.89897948557,4.472135955,4.35889894354,4.24264068712,4.79583152331,4.24264068712,5.38516480713,5.38516480713,7.48331477355,5.56776436283,4.89897948557,6.32455532034,5.29150262213,5.9160797831,4.35889894354,5.29150262213,5.74456264654,4.79583152331,4.79583152331,5.29150262213,4.472135955,5.0,4.79583152331,5.38516480713,4.0,4.79583152331,5.09901951359,5.56776436283,5.19615242271,5.19615242271,6.32455532034,4.69041575982,7.61577310586,5.09901951359,4.79583152331,4.35889894354,4.35889894354,4.79583152331,5.09901951359,5.83095189485,7.48331477355,5.83095189485,4.35889894354,4.89897948557,5.65685424949,5.09901951359,5.19615242271,4.472135955,4.69041575982,4.79583152331,5.65685424949,4.472135955,5.29150262213,5.56776436283,5.29150262213,8.54400374532,5.29150262213,5.47722557505,4.35889894354,5.38516480713,4.89897948557,5.56776436283,5.56776436283,5.29150262213,6.2449979984,4.35889894354,9.11043357914,5.83095189485,6.78232998313,5.19615242271,4.35889894354,5.65685424949,5.65685424949,5.83095189485,5.09901951359,4.35889894354,5.56776436283,5.74456264654,5.65685424949,4.58257569496,6.0,5.29150262213,5.56776436283,4.89897948557
2ed2386bfbd31a1104e402a0c97c1aa6,3.0,5.9160797831,6.0,3.16227766017,4.12310562562,5.09901951359,5.0,4.69041575982,4.35889894354,5.29150262213,5.47722557505,4.24264068712,26.9443871706,4.79583152331,4.79583152331,5.74456264654,4.79583152331,0.0,10.4403065089,4.472135955,10.0498756211,6.16441400297,5.0,5.9160797831,2.82842712475,3.0,5.29150262213,3.0,5.65685424949,5.09901951359,6.8556546004,4.472135955,5.19615242271,5.38516480713,5.56776436283,5.29150262213,2.82842712475,5.19615242271,5.09901951359,4.89897948557,4.89897948557,5.38516480713,4.79583152331,4.472135955,5.29150262213,4.69041575982,2.64575131106,5.29150262213,4.12310562562,4.89897948557,5.29150262213,5.09901951359,5.56776436283,3.87298334621,6.8556546004,4.58257569496,4.0,3.16227766017,5.09901951359,5.29150262213,4.79583152331,5.19615242271,6.8556546004,6.0827625303,3.16227766017,3.87298334621,5.0,4.58257569496,4.24264068712,5.19615242271,3.60555127546,5.29150262213,5.0,3.60555127546,5.56776436283,4.89897948557,5.38516480713,7.87400787401,4.79583152331,4.35889894354,4.69041575982,5.65685424949,4.35889894354,5.65685424949,4.89897948557,5.19615242271,5.29150262213,3.16227766017,8.60232526704,5.19615242271,5.9160797831,5.47722557505,3.16227766017,5.0,5.9160797831,5.9160797831,5.0,3.16227766017,4.89897948557,5.09901951359,5.56776436283,3.74165738677,6.2449979984,4.12310562562,4.89897948557,4.12310562562
314815f096aee7e42a920d33954458fd,10.1980390272,11.313708499,10.5356537529,10.0498756211,10.295630141,10.1488915651,10.0995049384,10.8166538264,10.1980390272,10.1488915651,10.9087121146,10.246950766,28.6181760425,10.677078252,10.8627804912,11.313708499,10.295630141,10.4403065089,0.0,10.7238052948,13.9283882772,9.94987437107,9.69535971483,10.4880884817,10.1488915651,10.0995049384,9.64365076099,10.1980390272,10.4403065089,10.8166538264,11.8321595662,10.7238052948,9.48683298051,11.1355287257,9.59166304663,10.246950766,10.1488915651,10.7703296143,10.1488915651,9.74679434481,9.74679434481,9.59166304663,9.69535971483,10.246950766,9.64365076099,10.7238052948,10.0995049384,9.64365076099,10.5830052443,10.0498756211,9.8488578018,10.7238052948,11.2249721603,10.1980390272,11.9163752878,10.295630141,10.246950766,10.0498756211,10.5356537529,9.64365076099,10.677078252,10.1980390272,11.8321595662,9.89949493661,10.0498756211,10.295630141,10.0995049384,10.295630141,10.246950766,10.5830052443,10.295630141,9.53939201417,10.3923048454,10.1980390272,10.0995049384,10.0498756211,9.59166304663,12.5299640861,10.677078252,10.677078252,9.74679434481,9.53939201417,10.0995049384,9.74679434481,10.0498756211,10.7703296143,11.0905365064,10.0498756211,12.9228479833,10.1980390272,11.313708499,9.53939201417,10.1488915651,10.0995049384,9.79795897113,9.89949493661,10.0,10.1488915651,10.0498756211,10.1488915651,10.8627804912,10.246950766,9.89949493661,10.5830052443,10.0498756211,10.295630141
31979926522273c1a5a994d0deb1be68,3.87298334621,6.0827625303,6.48074069841,4.0,4.79583152331,5.65685424949,5.56776436283,4.24264068712,5.0,5.83095189485,5.83095189485,4.89897948557,26.8700576851,5.38516480713,5.19615242271,6.2449979984,5.56776436283,4.472135955,10.7238052948,0.0,10.3440804328,6.63324958071,5.56776436283,6.40312423743,3.74165738677,3.87298334621,5.83095189485,4.12310562562,6.16441400297,5.65685424949,7.28010988928,4.0,5.9160797831,4.79583152331,6.0827625303,5.83095189485,3.74165738677,5.74456264654,5.65685424949,5.47722557505,5.47722557505,5.9160797831,5.56776436283,5.09901951359,5.83095189485,5.29150262213,3.87298334621,5.83095189485,4.79583152331,5.47722557505,5.83095189485,5.65685424949,6.0827625303,4.58257569496,7.28010988928,5.19615242271,4.69041575982,4.0,5.65685424949,5.83095189485,5.38516480713,5.74456264654,7.28010988928,6.5574385243,4.0,4.58257569496,5.56776436283,5.19615242271,4.69041575982,5.74456264654,4.12310562562,5.83095189485,5.56776436283,4.58257569496,6.0827625303,5.47722557505,5.9160797831,8.24621125124,5.38516480713,3.60555127546,5.29150262213,6.16441400297,5.0,6.16441400297,5.47722557505,5.74456264654,5.29150262213,4.0,8.94427191,5.74456264654,6.0827625303,6.0,4.0,5.56776436283,6.40312423743,6.40312423743,5.56776436283,4.0,5.47722557505,5.65685424949,6.0827625303,4.69041575982,6.7082039325,4.79583152331,5.47722557505,4.58257569496
32530b68d78e5bcbd73a138276f45490,9.79795897113,9.2736184955,11.0905365064,9.74679434481,10.1980390272,10.6301458127,10.5830052443,10.4403065089,10.295630141,10.7238052948,10.8166538264,10.246950766,28.5131548588,10.4880884817,10.4880884817,10.9544511501,10.5830052443,10.0498756211,13.9283882772,10.3440804328,0.0,11.1803398875,10.4880884817,11.0453610172,9.74679434481,9.79795897113,10.7238052948,9.89949493661,10.9087121146,10.6301458127,11.5758369028,10.3440804328,10.7703296143,10.7703296143,10.8627804912,10.7238052948,9.74679434481,10.677078252,10.6301458127,10.5356537529,10.5356537529,10.7703296143,10.5830052443,10.3440804328,10.7238052948,10.4403065089,9.79795897113,10.7238052948,10.1980390272,10.5356537529,10.7238052948,10.6301458127,10.8627804912,10.0995049384,11.5758369028,10.3923048454,10.1488915651,9.74679434481,10.6301458127,10.7238052948,10.4880884817,10.677078252,11.5758369028,11.1355287257,9.74679434481,10.0,10.5830052443,10.3923048454,10.246950766,10.677078252,10.0,10.7238052948,10.5830052443,10.0995049384,10.8627804912,10.5356537529,10.7703296143,12.2065556157,10.4880884817,10.295630141,10.4403065089,10.9087121146,10.1980390272,10.9087121146,10.5356537529,10.677078252,10.0498756211,9.74679434481,12.6885775404,10.677078252,9.2736184955,10.8166538264,9.8488578018,10.5830052443,11.0453610172,11.0453610172,10.5830052443,9.8488578018,10.5356537529,10.6301458127,10.8627804912,10.1488915651,11.2249721603,10.1980390272,10.5356537529,10.1980390272
3478cf4e0f88b8e69c431ce348b77ce5,5.74456264654,7.68114574787,5.65685424949,5.65685424949,5.74456264654,5.65685424949,5.38516480713,6.78232998313,5.74456264654,5.65685424949,6.92820323028,5.65685424949,27.3495886624,6.5574385243,6.8556546004,7.54983443527,5.9160797831,6.16441400297,9.94987437107,6.63324958071,11.1803398875,0.0,4.35889894354,5.74456264654,5.65685424949,5.56776436283,4.89897948557,5.74456264654,5.83095189485,6.78232998313,8.30662386292,6.63324958071,3.87298334621,7.28010988928,3.60555127546,5.65685424949,5.65685424949,6.7082039325,5.65685424949,4.24264068712,4.89897948557,4.35889894354,5.0,5.83095189485,4.69041575982,6.32455532034,5.56776436283,4.89897948557,6.40312423743,5.29150262213,4.89897948557,6.63324958071,7.4161984871,5.74456264654,8.42614977318,5.9160797831,5.83095189485,5.65685424949,6.0,4.89897948557,6.40312423743,5.74456264654,8.30662386292,3.60555127546,5.65685424949,6.0827625303,5.38516480713,5.9160797831,5.83095189485,6.0827625303,5.9160797831,4.89897948557,6.0827625303,5.74456264654,5.0,5.47722557505,4.35889894354,9.2736184955,6.40312423743,6.5574385243,4.89897948557,3.16227766017,5.74456264654,4.89897948557,5.47722557505,6.7082039325,7.21110255093,5.65685424949,9.79795897113,5.74456264654,7.68114574787,3.74165738677,5.65685424949,5.56776436283,4.35889894354,4.58257569496,5.19615242271,5.65685424949,5.47722557505,5.47722557505,6.7082039325,5.83095189485,3.87298334621,6.40312423743,5.47722557505,5.9160797831
3504e72c6361bd7c7392522256d9ca67,4.472135955,6.63324958071,5.56776436283,4.35889894354,4.472135955,5.38516480713,5.29150262213,5.74456264654,4.89897948557,4.58257569496,5.74456264654,4.35889894354,27.147743921,5.29150262213,5.83095189485,6.63324958071,4.89897948557,5.0,9.69535971483,5.56776436283,10.4880884817,4.35889894354,0.0,5.47722557505,4.35889894354,4.472135955,3.87298334621,4.69041575982,5.38516480713,5.56776436283,7.61577310586,5.56776436283,3.46410161514,6.32455532034,3.74165738677,5.56776436283,4.35889894354,5.65685424949,5.38516480713,2.2360679775,3.0,4.24264068712,4.0,5.0,3.87298334621,5.0,4.472135955,3.87298334621,5.29150262213,5.19615242271,3.0,5.56776436283,6.48074069841,4.24264068712,7.61577310586,5.09901951359,4.35889894354,4.35889894354,4.58257569496,3.87298334621,5.29150262213,5.47722557505,7.61577310586,4.24264068712,4.35889894354,4.89897948557,5.29150262213,5.09901951359,4.35889894354,4.69041575982,4.89897948557,3.87298334621,5.29150262213,4.24264068712,4.69041575982,5.19615242271,4.24264068712,8.54400374532,5.29150262213,5.47722557505,3.0,3.87298334621,4.69041575982,4.58257569496,5.19615242271,5.65685424949,6.2449979984,4.35889894354,9.21954445729,5.47722557505,6.63324958071,3.60555127546,4.58257569496,5.29150262213,4.24264068712,4.24264068712,3.74165738677,4.58257569496,5.19615242271,5.38516480713,5.83095189485,4.35889894354,4.472135955,5.29150262213,5.19615242271,4.472135955
35a02499c0dfc1353717dd224d3ac87f,5.29150262213,7.48331477355,2.2360679775,5.38516480713,6.0,5.9160797831,5.65685424949,6.5574385243,5.83095189485,5.19615242271,6.7082039325,6.0827625303,27.2946881279,6.16441400297,6.63324958071,7.34846922835,4.472135955,5.9160797831,10.4880884817,6.40312423743,11.0453610172,5.74456264654,5.47722557505,0.0,5.38516480713,5.29150262213,5.74456264654,5.47722557505,4.35889894354,6.40312423743,8.12403840464,6.40312423743,5.09901951359,7.07106781187,4.89897948557,5.9160797831,5.38516480713,6.32455532034,5.9160797831,5.38516480713,5.74456264654,5.65685424949,5.83095189485,5.9160797831,5.9160797831,5.74456264654,5.29150262213,5.74456264654,6.0,5.9160797831,5.56776436283,6.2449979984,7.07106781187,5.65685424949,8.24621125124,6.0,5.9160797831,5.38516480713,4.58257569496,5.9160797831,6.16441400297,6.0,8.12403840464,5.83095189485,5.38516480713,5.83095189485,5.65685424949,6.0,6.0827625303,4.89897948557,5.65685424949,5.74456264654,6.48074069841,5.83095189485,5.29150262213,5.74456264654,5.65685424949,9.11043357914,6.16441400297,6.32455532034,5.56776436283,5.19615242271,6.0,5.74456264654,5.74456264654,6.32455532034,7.0,5.38516480713,9.64365076099,6.0,7.48331477355,5.0,5.38516480713,5.83095189485,5.65685424949,5.83095189485,6.0,5.38516480713,5.74456264654,5.74456264654,6.63324958071,5.9160797831,5.83095189485,6.16441400297,5.74456264654,6.0
372eb3f2ca350a8362424e9535e0ed17,1.73205080757,5.38516480713,5.47722557505,2.0,3.31662479036,4.472135955,4.35889894354,4.0,3.60555127546,4.472135955,4.89897948557,3.46410161514,26.83281573,3.87298334621,4.12310562562,5.0,4.35889894354,2.82842712475,10.1488915651,3.74165738677,9.74679434481,5.65685424949,4.35889894354,5.38516480713,0.0,1.0,4.69041575982,2.2360679775,4.89897948557,4.24264068712,6.40312423743,3.74165738677,4.79583152331,4.79583152331,5.0,4.69041575982,0.0,4.58257569496,4.472135955,4.24264068712,4.0,4.79583152331,4.35889894354,3.74165738677,4.69041575982,4.0,1.73205080757,4.69041575982,3.31662479036,4.24264068712,4.69041575982,4.24264068712,5.0,3.0,6.40312423743,3.87298334621,3.16227766017,2.0,4.472135955,4.69041575982,4.12310562562,4.58257569496,6.40312423743,5.56776436283,2.0,3.0,4.35889894354,3.87298334621,3.46410161514,4.58257569496,2.64575131106,4.69041575982,4.35889894354,3.0,5.0,4.24264068712,4.79583152331,7.48331477355,4.12310562562,3.60555127546,4.0,5.09901951359,3.60555127546,5.09901951359,4.24264068712,4.35889894354,4.69041575982,2.0,8.12403840464,4.58257569496,5.38516480713,4.89897948557,2.0,4.35889894354,5.38516480713,5.38516480713,4.35889894354,2.0,4.24264068712,4.472135955,5.0,3.16227766017,5.74456264654,3.31662479036,4.24264068712,3.31662479036
376d9b7359b05fa7f43fbaa52c3e38cb,2.0,5.47722557505,5.38516480713,1.73205080757,3.46410161514,4.35889894354,4.24264068712,4.12310562562,3.46410161514,4.35889894354,5.0,3.60555127546,26.8141753556,4.0,4.24264068712,5.09901951359,4.24264068712,3.0,10.0995049384,3.87298334621,9.79795897113,5.56776436283,4.472135955,5.29150262213,1.0,0.0,4.58257569496,2.0,4.79583152331,4.35889894354,6.32455532034,3.87298334621,4.69041575982,4.89897948557,4.89897948557,4.58257569496,1.0,4.472135955,4.35889894354,4.35889894354,4.12310562562,4.69041575982,4.24264068712,3.60555127546,4.58257569496,4.12310562562,1.41421356237,4.58257569496,3.46410161514,4.12310562562,4.79583152331,4.12310562562,5.09901951359,3.16227766017,6.48074069841,3.74165738677,3.31662479036,1.73205080757,4.58257569496,4.58257569496,4.24264068712,4.472135955,6.32455532034,5.47722557505,1.73205080757,2.82842712475,4.24264068712,3.74165738677,3.60555127546,4.69041575982,2.44948974278,4.58257569496,4.24264068712,3.16227766017,4.89897948557,4.12310562562,4.69041575982,7.54983443527,4.24264068712,3.74165738677,4.12310562562,5.0,3.46410161514,5.0,4.12310562562,4.24264068712,4.79583152331,1.73205080757,8.0622577483,4.472135955,5.47722557505,4.79583152331,1.73205080757,4.24264068712,5.29150262213,5.47722557505,4.472135955,1.73205080757,4.12310562562,4.35889894354,4.89897948557,3.31662479036,5.65685424949,3.46410161514,4.12310562562,3.46410161514
